 Adaboost Classifier
[ 0.54166667  0.54545455  0.52380952  0.47619048  0.38095238  0.42857143
  0.47619048  0.52380952  0.33333333  0.45      ]
Accuracy 0.467997835498

Bagging Classifier
[ 0.375       0.31818182  0.38095238  0.23809524  0.28571429  0.28571429
  0.28571429  0.42857143  0.28571429  0.05      ]
Accuracy 0.293365800866

BernoulliNB classifier
[ 0.125       0.22727273  0.23809524  0.19047619  0.14285714  0.14285714
  0.14285714  0.28571429  0.14285714  0.        ]
Accuracy 0.163798701299

Decision Tree Classifier
[ 0.54166667  0.5         0.57142857  0.42857143  0.52380952  0.47619048
  0.52380952  0.52380952  0.42857143  0.35      ]
Accuracy 0.486785714286

Extra trees classifier
[ 0.79166667  0.54545455  0.66666667  0.57142857  0.52380952  0.71428571
  0.61904762  0.52380952  0.52380952  0.65      ]
Accuracy 0.612997835498

Gaussian NB
[ 0.54166667  0.45454545  0.66666667  0.52380952  0.42857143  0.47619048
  0.28571429  0.61904762  0.33333333  0.35      ]
Accuracy 0.467954545455

GradientBoostingClassifier
[ 0.70833333  0.54545455  0.47619048  0.57142857  0.42857143  0.47619048
  0.47619048  0.52380952  0.47619048  0.7       ]
Accuracy 0.538235930736

KNeighborsClassifier n = 1
[ 0.83333333  0.72727273  0.76190476  0.9047619   0.57142857  0.80952381
  0.95238095  0.9047619   0.80952381  0.65      ]
Accuracy 0.792489177489

KNeighborsClassifier n = 2
[ 0.75        0.59090909  0.66666667  0.71428571  0.52380952  0.9047619
  0.80952381  0.66666667  0.57142857  0.6       ]
Accuracy 0.679805194805

KNeighborsClassifier n = 5
[ 0.33333333  0.22727273  0.33333333  0.38095238  0.28571429  0.47619048
  0.42857143  0.47619048  0.23809524  0.35      ]
Accuracy 0.352965367965

LinearSVC
[ 0.875       0.86363636  0.95238095  0.85714286  0.85714286  1.          1.
  0.85714286  0.85714286  0.75      ]
Accuracy 0.886958874459

Using Logistic regression
[ 0.875       0.86363636  0.95238095  0.85714286  0.80952381  0.95238095
  1.          0.85714286  0.85714286  0.75      ]
Accuracy 0.877435064935

Using MLPClassifier single hidden layer
[ 0.125       0.13636364  0.14285714  0.14285714  0.14285714  0.14285714
  0.14285714  0.14285714  0.14285714  0.15      ]
Accuracy 0.141136363636

Using MLPClassifier 3 hidden layer
[ 0.125       0.18181818  0.14285714  0.14285714  0.14285714  0.14285714
  0.14285714  0.14285714  0.14285714  0.15      ]
Accuracy 0.145681818182

Using nearest centroid
[ 0.58333333  0.5         0.66666667  0.38095238  0.33333333  0.42857143
  0.33333333  0.57142857  0.28571429  0.45      ]
Accuracy 0.453333333333

nusvc
[ 0.16666667  0.22727273  0.14285714  0.14285714  0.14285714  0.14285714
  0.14285714  0.14285714  0.14285714  0.15      ]
Accuracy 0.154393939394

Using Passive aggressive Classifier
[ 0.29166667  0.5         0.42857143  0.42857143  0.33333333  0.38095238
  0.28571429  0.28571429  0.33333333  0.5       ]
Accuracy 0.376785714286

Using the perceptron
[ 0.5         0.54545455  0.61904762  0.42857143  0.33333333  0.57142857
  0.52380952  0.47619048  0.66666667  0.2       ]
Accuracy 0.48645021645

Using Random Forest classifiers
[ 0.83333333  0.63636364  0.57142857  0.76190476  0.66666667  0.71428571
  0.76190476  0.71428571  0.57142857  0.75      ]
Accuracy 0.69816017316
Using Ridge Classifier
[ 0.91666667  0.77272727  0.9047619   0.85714286  0.76190476  0.95238095
  1.          0.85714286  0.85714286  0.7       ]
Accuracy 0.857987012987

Using Stochastic gradient descent
[ 0.45833333  0.36363636  0.52380952  0.38095238  0.23809524  0.42857143
  0.19047619  0.28571429  0.38095238  0.5       ]
Accuracy 0.375054112554

Support vector Classifier kernel = rbf
[ 0.16666667  0.22727273  0.14285714  0.14285714  0.14285714  0.14285714
  0.14285714  0.14285714  0.14285714  0.15      ]
Accuracy 0.154393939394

Support vector classifier kernel = linear
[ 0.875       0.86363636  1.          0.9047619   0.85714286  1.
  0.95238095  0.85714286  0.9047619   0.85      ]
Accuracy 0.906482683983

Support Vector classifier kernel = poly
[ 0.875       0.81818182  0.9047619   0.9047619   0.80952381  1.
  0.95238095  0.85714286  0.85714286  0.85      ]
Accuracy 0.88288961039
kaustubh@myubuntu:~/kaustubh_imp/emotion recogntion/jaffeimages$ 

